       0        0       0       0       0      0      0      0       0    0   0M
      61        0       0       0       1      0      0      0       0    0   0M
     122        0       0       0       0      0      0      0       0    0   0M
     122        0       0       0       0      0      0      0       0    0   0M
     122        0       0       0       0      0      0      0       0    0   0M
     122        0       0       0       0      0      0      0       0    0   0M
     122        0       0       0      22      0     19      0       0    0   0M
     122        0       0       0      14      0     14      0       0    0   0M
     122        0       0       0      12      0     12      0       0    0   0M
     122        0       0       0      15      0     17      0       0    0   0M
     122        0       0       0      12      0     17      0       0    0   0M
     122        0       0       0      16      0     17      0       0    0   0M
     122        0       0       0     336     48      0      0       0    0   0M
     122        0       0       0     175     25      0      0       0    0   0M
     122        0       0       0       0      0      0      0       0    0   0M
     123        0       0       0       0      0      0      0       0    0   0M
     122        0       0       0       0      0      0      0       0    0   0M
     122        0       0       0       0      0      0      0       0    0   0M
     122        0       0       0       0      0      0      0       0    0   0M
     122        0       0       0       0      0      0      0       0    0   0M
     122        0       0       0       0      0      0      0       0    0   0M
     122        0       0       0       0      0      0      0       0    0   0M
     122        0       0       0       0      0      0      0       0    0   0M
     122        0       0       0       0      0      0      0       0    0   0M
     122        0       0       0       0      0      0      0       0    0   0M
     122        0       0       0       0      0      0      0       0    0   0M
     122        0       0       0       0      0      0      0       0    0   0M
     122        0       0       0       0      0      0      0       0    0   0M
     122        0       0       0       0      0      0      0       0    0   0M
     123        0       0       0       0      0      0      0       0    0   0M
     122        0       0       0       0      0      0      0       0    0   0M
     122        0       0       0       0      0      0      0       0    0   0M
     122        0       0       0       0      0      0      0       0    0   0M
     122        0       0       0       0      0      0      0       0    0   0M
     122        0       0       0       0      0      0      0       0    0   0M
     122        0       0       0       0      0      0      0       0    0   0M
     122        0       0       0       0      0      0      0       0    0   0M
     122        0       0       0       0      0      0      0       0    0   0M
     122        0       0       0       0      0      0      0       0    0   0M
     122        0       0       0       0      0      0      0       0    0   0M
     122        0       0       0       0      0      0      0       0    0   0M
     122        0       0       0       0      0      0      0       0    0   0M
     122        0       0       0       0      0      0      0       0    0   0M
     122        0       0       0       0      0      0      0       0    0   0M
